Graph with n = 10 and m = 10
Vertices: 10
Edges: 10
0 3
0 4
0 5
1 2
1 8
2 3
2 5
3 8
4 7
6 9

Graph with n = 10 and m = 15
Vertices: 10
Edges: 15
0 4
0 6
1 3
1 5
1 7
1 8
1 9
2 6
3 5
3 6
4 7
4 9
5 8
7 8
8 9

Graph with n = 10 and m = 20
Vertices: 10
Edges: 20
0 3
0 9
1 2
1 3
1 4
1 5
1 6
1 7
2 3
2 8
3 5
3 6
3 7
3 8
3 9
4 5
4 6
4 8
5 7
5 8

Graph with n = 10 and m = 25
Vertices: 10
Edges: 25
0 1
0 4
0 7
1 2
1 4
1 7
1 8
1 9
2 3
2 5
2 6
2 7
2 9
3 5
3 6
3 7
3 8
3 9
4 5
4 7
5 6
6 7
6 8
6 9
8 9

Graph with n = 10 and m = 30
Vertices: 10
Edges: 30
0 2
0 3
0 4
0 6
0 7
1 2
1 3
1 4
1 6
1 7
1 8
1 9
2 4
2 5
2 6
2 7
3 5
3 6
3 7
3 8
3 9
4 5
4 7
5 7
5 9
6 7
6 8
6 9
7 8
7 9

Graph with n = 10 and m = 35
Vertices: 10
Edges: 35
0 1
0 3
0 4
0 5
0 6
0 7
0 8
0 9
1 3
1 4
1 6
1 7
1 9
2 3
2 5
2 7
2 8
2 9
3 4
3 5
3 6
3 7
3 8
4 5
4 6
4 7
4 8
4 9
5 6
5 7
5 9
6 7
6 9
7 8
7 9

Graph with n = 10 and m = 40
Vertices: 10
Edges: 40
0 1
0 2
0 3
0 4
0 5
0 6
0 7
0 8
0 9
1 2
1 3
1 4
1 5
1 6
1 7
1 8
1 9
2 3
2 5
2 8
2 9
3 4
3 5
3 6
3 7
3 8
3 9
4 5
4 6
4 8
4 9
5 6
5 8
5 9
6 7
6 8
6 9
7 8
7 9
8 9

Graph with n = 10 and m = 45
Vertices: 10
Edges: 45
0 1
0 2
0 3
0 4
0 5
0 6
0 7
0 8
0 9
1 2
1 3
1 4
1 5
1 6
1 7
1 8
1 9
2 3
2 4
2 5
2 6
2 7
2 8
2 9
3 4
3 5
3 6
3 7
3 8
3 9
4 5
4 6
4 7
4 8
4 9
5 6
5 7
5 8
5 9
6 7
6 8
6 9
7 8
7 9
8 9

